ssize <-c(56,65,175,54,70,147,56,74,147,56,65,49,147,70,147,70,18,169,56,74,147,70,147,70,153,54,56,65,49,18,169,56,74,153,74,147,61,169,70,153,54,61,49,147,70,153,54,70,147,61,175,65,175,54,61,49,18,49,153,54,61,175,54,70,18,169,61,175,65,175,74,153,65,175,74,18,49,153,74,18,169,61,49,153,65,49,153,65,49,153,74,18,175,65,175,65,175,65,175,74)
