downtime <-c(247,378,247,377,111,140,395,233,396,235,94,580,152,58,395,112,140,395,112,184,233,396,247,377,247,896,111,183,234,397,112,153,378,111,153,59,396,248,59,914,233,238,139,239,185,248,378,110,153,378,234,93,220,377,222,153,220,139,240,153,221,152,221,140,94,377,248,221,183,233,914,111,153,221,152,221,153,59,395,234,238,183,235,396,470,378,110,152,58,240,184,247,377,234,239,152,59,396,247,896)
eeprom <-c(220,322,390,492,520,556,661,725,830,894,913,107,147,159,264,292,328,433,461,507,571,676,744,846,914,154,182,228,292,397,425,465,567,595,635,647,752,820,832,154,218,277,313,372,418,486,588,616,656,758,822,841,897,67,123,163,219,255,314,354,410,450,506,542,561,663,731,787,833,897,154,182,222,278,318,374,414,426,531,595,654,700,764,869,67,169,197,237,249,308,354,422,524,588,647,687,699,804,872,154)
ssize <-c(111,204,111,204,48,55,215,102,215,102,42,107,64,22,215,48,55,215,48,98,102,215,111,204,111,204,48,98,102,215,48,64,204,48,64,22,215,111,22,215,102,118,55,118,98,111,204,48,64,204,102,42,107,64,107,64,107,55,118,64,107,64,107,55,42,204,111,107,98,102,215,48,64,107,64,107,64,22,215,102,118,98,102,215,111,204,48,64,22,118,98,111,204,102,118,64,22,111,204)
sdram <-c(723,723,723,723,723,723,723,723,723,723,723,723,723,723,723,723,723,723,723,723,723,723,723,723,723,723,723,723,723,723,723,723,723,723,723,723,723,723,723,723,723,723,723,723,723,723,723,723,723,723,723,723,723,723,723,723,723,723,723,723,723,723,723,723,723,723,723,723,723,723,723,723,723,723,723,723,723,723,723,723,723,723,723,723,723,723,723,723,723,723,723,723,723,723,723,723,723,723,723,723)
