delay <- c(5825,7578,6674,7573,7354,11166,12289,9239,10285,10051,11121,10040,4426,5189,5257,5181,11359,11173,12299,11249,4840,5895,6206,6395,5162,6915,5998,6900,4656,6403,5466,6384,4668,5421,6470,5381,3675,4462,4529,4459,57,818,878,774,5341,6097,6167,6088,224,1009,1039,965,6573,10412,11540,8501,7938,9725,12804,11706,3028,3816,3850,3780,3832,4888,5240,5392,4715,4501,5558,4497,8172,8189,9585,9029,12265,13091,13215,13209,4409,6441,5755,6854,9349,10162,10282,10259,332,2117,1237,2083,5636,6428,6477,6393,5919,7689,6746,7659,6255,7025,7085,6996,8895,9630,9716,9638,940,2668,1748,2689,9076,11353,10013,10829,7729,9501,12628,11530,6539,7312,7374,7324,6988,7722,10809,10718,4533,5478,5814,5976,6324,10152,10748,7271,4595,6396,5448,6375,10349,12165,11273,12248,4118,3872,4943,3860,11357,12167,12289,12252,9570,10333,10399,10340,7336,7116,8160,7071,9933,11723,10755,11684,4755,5511,5590,8512,5196,8981,8041,7022,4745,8301,7384,6295,8498,8441,9787,8967,5514,5420,6824,5911,6582,7541,7786,7956,902,655,1716,625,320,88,1241,91,12913,12317,13413,12383,5721,7502,6590,9533,5179,6931,5972,8894,6135,9910,8979,7901,6157,6913,6990,6911,8952,9720,9790,9710,4221,5975,5041,5994,4456,5308,5399,5315,4054,4814,4902,4824,4152,5186,5537,5771,296,2064,1133,2060,1243,2098,1257,2075,6131,7933,6968,7878)
delayDivHops <- c(1456,1894,1668,1893,1470,2233,2457,1847,2571,2512,2780,2510,1475,1729,1752,1727,2271,2234,2459,2249,1613,1965,2068,2131,1290,1728,1499,1725,1164,1600,1366,1596,1556,1807,2156,1793,1837,2231,2264,2229,57,818,878,774,1780,2032,2055,2029,224,1009,1039,965,1314,2082,2308,1700,1984,2431,3201,2926,3028,3816,3850,3780,1916,2444,2620,2696,2357,2250,2779,2248,2724,2729,3195,3009,2453,2618,2643,2641,1469,2147,1918,2284,2337,2540,2570,2564,166,1058,618,1041,1878,2142,2159,2131,1479,1922,1686,1914,1563,1756,1771,1749,2965,3210,3238,3212,470,1334,874,1344,2269,2838,2503,2707,1932,2375,3157,2882,1307,1462,1474,1464,2329,2574,3603,3572,1133,1369,1453,1494,1581,2538,2687,1817,1531,2132,1816,2125,2069,2433,2254,2449,2059,1936,2471,1930,2839,3041,3072,3063,2392,2583,2599,2585,1467,1423,1632,1414,2483,2930,2688,2921,1188,1377,1397,2128,1299,2245,2010,1755,1581,2767,2461,2098,2832,2813,3262,2989,1378,1355,1706,1477,3291,3770,3893,3978,902,655,1716,625,320,88,1241,91,2582,2463,2682,2476,1144,1500,1318,1906,1035,1386,1194,1778,1533,2477,2244,1975,1539,1728,1747,1727,2984,3240,3263,3236,1407,1991,1680,1998,1485,1769,1799,1771,2027,2407,2451,2412,1384,1728,1845,1923,148,1032,566,1030,621,1049,628,1037,1532,1983,1742,1969)
netSize <- c(83487,83487,83487,83487,83487,83487,83487,83487,83487,83487,83487,83487,83487,83487,83487,83487,83487,83487,83487,83487,83487,83487,83487,83487,83487,83487,83487,83487,83487,83487,83487,83487,83487,83487,83487,83487,83487,83487,83487,83487,83487,83487,83487,83487,83487,83487,83487,83487,83487,83487,83487,83487,83487,83487,83487,83487,83487,83487,83487,83487,83487,0,83487,83487,83487,83487,83487,83487,83487,83487,83487,83487,83487,83487,83487,83487,83487,83487,83487,83487,83487,83487,83487,83487,83487,83487,83487,83487,83487,83487,83487,83487,83487,83487,83487,83487,83487,83487,83487,83487,83487,83487,83487,83487,83487,83487,83487,83487,83487,83487,83487,83487,83487,83487,83487,83487,83487,83487,83487,83487,83487,83487,83487,83487,0,83487,83487,83487,83487,83487,83487,83487,83487,83487,83487,83487,83487,83487,83487,83487,83487,83487,83487,83487,83487,83487,83487,83487,83487,83487,83487,83487,83487,83487,83487,83487,83487,83487,83487,83487,83487,83487,83487,83487,83487,83487,83487,83487,83487,83487,83487,83487,83487,83487,83487,83487,83487,83487,83487,83487,83487,83487,83487,83487,83487,83487,83487,0,83487)


library(Hmisc)
bpplot(propDelais,main="Downtime propagation delay")
boxplot(propDelais, propDelais, names = c("a", "b"), horizontal = TRUE, ylab = "factors", main = "title")