percentageFailure <- c(1, 3, 5, 7, 9, 11, 13, 15, 17, 19, 21, 23, 25, 27, 29, 31, 33, 35, 37, 39, 41, 43, 45, 47, 49, 51, 53, 55, 57, 59, 61, 63, 65, 67, 69, 71, 73, 73, 75, 77, 79, 81, 81, 83, 85, 87, 87, 87, 89, 89, 89, 89)
avgTimestamps <- c(672, 796, 845, 680, 821, 857, 727, 579, 670, 809, 576, 856, 673, 547, 648, 523, 698, 918, 729, 660, 884, 610, 565, 561, 601, 9678, 260, 7365, 542, 26263, 17905, 458, 691, 16367, 33365, 239, 0, 86768, 6726, 178, 90, 0, 70, 40, 10057, 0, 0, 8975, 0, 0, 0, 50465)