percentageFailure <- c(1, 3, 5, 7, 9, 11, 13, 15, 17, 19, 21, 23, 25, 27, 29, 31, 33, 35, 37, 39, 41, 43, 45, 47, 49, 51, 53, 55, 57, 59, 61, 63, 65, 67, 69, 71, 73, 75, 77, 79, 81, 83, 85, 87, 89)
avgTimestamps <- c(1.31290418803426355E18, 1.31290421913948493E18, 1.31290423299478989E18, 1.31290424563218944E18, 1.31290425760880614E18, 1.31290427020380979E18, 1.31290428227468723E18, 1.31290429492182886E18, 1.31290430728606566E18, 1.31290431962359808E18, 1.312904331777184E18, 1.31290434272316083E18, 1.3129043544020736E18, 1.31290436634825293E18, 1.31290437797790464E18, 1.31290438893867622E18, 1.31290440104466099E18, 1.31290441024875776E18, 1.3129044209810793E18, 1.31290443205878323E18, 1.31290444304763853E18, 1.3129044465781248E18, 1.31290446198423782E18, 1.3129044741058537E18, 1.31290448569935539E18, 1.31290450075598694E18, 1.31290451713073843E18, 1.31290453190792346E18, 1.31290454457163238E18, 1.31290456020811878E18, 1.31290456509526323E18, 1.31290457461879194E18, 1.31290458273692902E18, 1.31290459421915648E18, 1.31290460223373926E18, 1.31290461375211136E18, 1.31290463009712973E18, 1.31290464013907994E18, 1.31290464120821043E18, 1.31290464231695437E18, 1.31290464578212531E18, 1.31290465152443162E18, 1.31290465489852774E18, 1.31290465695383398E18, 1.31290465766316262E18, 1.31290465982466765E18)